64.62591324
64.53613987
64.50746531
64.16594146
64.10257426
63.11784322
63.33344135
64.23784591
62.65442429
63.12332212
62.63064553
62.91142135
61.68498807
61.16976285
61.44747743
62.88399363
61.86901605
62.02345885
62.98882679
62.48162397
65.35911863
64.5927669
65.29362683
64.71383258
64.30495808
65.59535124
65.35071513
65.65464097
64.04778212
66.77502415
65.58745911
66.20180346
65.31244418
65.00493568
65.79501234
65.06737527
65.17718204
64.51643736
64.10754352
65.47238764
64.4785419
65.28220178
65.1259419
64.40042092
64.18508006
64.01275543
63.88250707
64.55807278
64.45425372
63.56215105
61.51585527
61.80272843
60.97763795
61.46991723
61.20290978
61.60721266
62.12876914
63.19210124
65.17281454
62.89815748
65.17158336
63.60029791
63.59541091
63.67033239
63.90528749
62.40558463
63.08446988
64.01996332
62.59562152
62.12494178
65.33651119
63.55541222
65.39030185
65.2482582
65.64514461
65.42331598
66.76213555
66.19822621
65.8138005
65.06692282
66.43959173
64.50485733
65.93407387
65.40476281
65.7742544
64.49088588
64.11784153
65.2769995
65.53877175
63.84686226
66.04037526
66.71937846
66.06529693
65.96818745
66.03855597
64.94788561
63.59775789
66.51918487
66.75472777
66.37135841
65.45232137
65.8389896
65.59950793
66.01540692
66.27910228
64.80649688
65.17026044
65.7641909
65.96205688
65.06448498
63.56201778
63.05755447
65.80836701
64.59697458
65.64991577
65.48579744
66.02841394
65.04493199
63.96477646
64.24830798
67.38669141
67.06985603
66.53832024
67.02600794
66.92713278
65.86946449
67.2905781
66.71021875
67.24419144
66.49458604
63.04349597
65.13221651
64.96729229
65.50894254
66.40738697
64.76390848
66.23040745
66.74998118
64.69802117
64.20744388
66.68664806
65.92271479
66.01819573
65.56783698
66.39553406
64.6776505
67.60591208
67.23079942
67.19188785
64.89192735
66.48807259
66.36443951
64.86630973
65.99066218
65.95992686
65.84122474
66.12344843
66.21407897
65.78711323
65.88685639
66.07681669
66.64292977
65.53821794
65.86645545
66.2075919
66.54231674
66.28554548
66.11370846
66.13786018
66.35143016
64.12304867
64.97721034
65.67512406
65.33078004
64.56297
64.19417824
64.94223947
65.6212831
63.09472554
65.8414647
65.38877023
66.61572179
65.91214448
66.2767609
65.13209652
65.56970288
66.78822138
67.24094576
65.5825481
65.59846021
66.15897986
67.34828642
66.67758882
66.51973062
66.46080736
67.42383701
67.10043934
66.72338747
66.79018157
66.94555558
69.24002522
68.61086448
70.28684185
70.79079912
70.04370931
71.20132678
70.81338028
71.12272071
70.36657511
67.58142955
69.51368491
70.19204706
69.36539872
68.71805814
69.02574225
69.69787317
67.77343843
68.59261121
69.66519678
70.9520565
69.08978373
70.8752836
69.69982618
70.09935769
70.07830714
71.0321524
69.33324506
68.8747213
69.34121342
68.63894817
68.67225528
69.24617416
70.08452375
70.12190534
70.85306268
68.28515564
68.63725451
68.91503458
67.86182253
69.69170623
71.36292872
71.5254615
71.68194695
71.93738883
71.09191308
68.15936757
69.69478828
71.10637829
70.07499611
69.11903143
68.58661853
70.04183197
69.08212682
70.87680825
69.71808496
69.92828865
68.50142081
69.0318786
71.60568902
70.56827831
69.68418158
67.50881382
67.84649215
69.03466242
69.60486498
67.95386459
68.58080853
69.4772809
69.88741144
69.22497424
69.93770731
69.9235098
69.95860083
70.76047296
70.11526811
71.34690671
70.25890332
70.33886046
70.02336554
70.17828532
69.65507111
70.48110763
70.6124948
69.00695983
69.23160265
69.92646684
69.71493174
69.48290484
70.54044469
70.14552791
69.54646736
68.36147806
67.93456553
68.11018039
67.23355989
69.70857992
70.25719307
69.60275523
68.12030108
69.13098296
71.83084798
71.98465131
71.7315337
72.11514778
71.84303123
71.61844009
71.59805317
71.99303635
71.74068178
72.54322326
72.22436628
71.57819446
71.032566
71.20646009
71.32467043
72.15139592
71.96621464
71.65684119
71.40743303
72.43158591
71.92768274
73.4334141
73.30667258
72.6724739
72.44980885
72.04893539
72.6729291
72.97858426
70.57742089
69.92745532
69.20542698
68.852336
71.75470952
72.64513664
71.65644904
70.33105107
68.36121843
68.87046818
69.35250872
70.97517936
71.03578426
69.34242981
70.73879001
70.95762567
71.3632471
70.13133925
70.60388582
69.59391341
69.9588144
69.09642437
72.45131796
73.01471361
73.21130889
72.99572918
71.38374956
71.58493882
73.43167366
72.63773749
72.24206297
72.866514
70.44943387
70.09172903
69.94013492
70.18315237
70.23231375
70.66306886
70.13563978
70.54094088
70.32228792
70.34869145
72.51630311
71.68240886
70.83850243
70.1718503
70.89911138
71.39815469
70.15827464
70.12043364
71.11281183
70.59208103
71.4202829
70.19297852
70.00361312
69.97406183
70.23663573
70.51139405
70.82144678
70.42458752
69.76836139
69.5839772
71.48062498
71.43254197
71.98356591
71.75437221
72.69436732
72.23375434
72.5927693
72.66207476
72.12235597
71.71438203
71.30693366
71.43124347
72.20991383
72.09212129
71.70132809
71.85188998
71.8823328
70.49406383
71.77339069
72.05235456
70.30456952
71.17317583
72.41174013
71.8322108
71.07988401
71.68509397
72.03648449
71.01966273
69.65926091
70.86991047
72.08563959
71.78629845
71.72793687
71.7345246
71.54147761
72.10629754
71.56090077
71.58953993
71.557344
71.41310946
73.10839384
72.91122005
72.75278531
71.47951412
72.12766662
70.45662299
72.95722826
72.13769469
72.62298472
74.10324703
70.81270901
67.86383114
69.8603877
74.12024115
74.21173734
72.959981
73.71110713
72.30834359
71.58167534
72.05804939
71.68252833
73.05926629
72.86019333
74.55793973
72.74176059
74.67457592
73.39036323
70.99141469
70.75354644
70.885029
70.57507648
69.12845222
72.40871305
68.61365311
72.28442315
71.97447497
73.07987709
72.26394114
72.89471732
69.80495011
70.07888823
73.16617833
72.3384228
70.56129773
73.52482345
73.77528527
73.74348001
72.20475997
72.09749085
71.28908608
72.01516007
72.6428776
72.3632407
72.16869248
72.47488566
73.14532616
73.54193113
72.04674517
73.32281639
73.25442601
72.61493109
72.69737573
70.57037894
70.54841258
72.27283542
57.08415164
75.98667453
73.23346141
73.80285554
74.42685216
71.89243678
74.44423344
71.2762461
74.27853917
73.83400928
73.65899281
74.63107246
74.51075721
73.04099775
72.61685996
73.93878012
73.47012673
71.92778623
73.15327092
73.94826794
74.15365406
73.02766816
74.32625722
73.33229796
71.77372446
73.18389547
70.79206201
73.48247091
75.12306282
73.81117792
74.73297626
74.38983438
72.81832525
70.16459338
75.39905693
73.18910894
70.97187675
71.15811838
72.91533592
70.95178544
71.91910104
71.9336588
72.8862773
73.58373405
73.44632563
68.95791705
73.80142696
71.65838608
73.70122877
72.78183692
73.64021121
70.83595551
68.49270993
69.81125519
69.58268081
72.16306666
71.82841349
73.74590648
73.79082257
71.76714409
67.85008286
69.00671695
68.490628
72.37516699
72.39977592
71.30354216
71.504312
71.37776252
71.63210069
69.94064924
71.15036487
73.85277007
71.68013214
72.38849744
73.28033228
71.01359018
71.34250445
71.40498686
72.24021943
71.04250206
72.94826198
72.88978927
71.99563042
72.32446937
72.0699584
71.68062568
72.27019367
72.30806537
71.50255164
72.22104022
70.99876526
72.073865
73.11497962
73.45183587
72.48337462
73.06950735
72.83033292
73.64376436
72.92825885
72.75330819
72.75643396
69.89391313
69.29175965
72.01911092
71.66166254
74.20767694
74.46266216
73.36076356
73.06812386
72.92925507
74.08563521
72.85438809
71.06379548
72.24083454
71.4250427
74.74415627
72.37671817
73.37037758
73.25452602
74.75858525
74.5156437
74.5840907
75.57152752
75.50641203
74.3710175
75.50749336
76.62353311
75.40843805
73.88186747
74.82006359
76.0148029
74.0825802
76.40541249
75.26627817
74.24117243
75.76166777
72.95654996
74.48695039
75.53445839
73.72350983
74.39639575
73.99784177
74.00387288
74.27222634
73.2533
74.17294254
73.72160211
72.90102439
71.85744406
72.56530281
75.41852213
73.41138207
73.09209952
74.56410038
74.37233459
74.13873695
74.48989874
74.27058495
73.93296214
74.2535929
74.53868167
74.58617807
73.52825055
74.79805594
74.73793938
73.04256957
75.39493019
76.80905735
75.62370969
70.68738635
73.68504056
74.90438144
75.49054452
74.93769969
74.27855897
73.79472887
73.31883201
74.2921415
75.75388508
74.28198366
74.01680454
73.86754078
74.09848225
74.41010253
76.17495256
75.04838337
73.18694267
73.99147574
74.64985269
76.32299257
75.72640799
75.48662646
73.98740165
74.28691378
74.1526377
73.8220934
75.26101089
74.67233624
73.78333336
74.60869482
76.07505874
76.63333514
76.11293445
76.34636516
74.50542509
76.8736424
76.43362081
76.57425358
76.99667428
76.36728074
77.23060728
78.26410658
77.70079681
76.71891305
76.34428111
76.13437252
77.0493887
76.71841331
77.77861463
76.62112518
77.82163069
78.56484181
78.04612303
76.99237808
77.85365261
77.5926696
76.38889315
75.63974352
75.86084401
75.28823881
75.79064418
76.9020738
76.65965294
76.51579606
76.17812212
77.50256444
75.62435136
76.49994987
76.49149849
76.68396803
77.64573305
77.34693122
77.76822714
75.48167253
77.09749674
75.5581507
77.38013827
77.1500258
77.54842971
76.20418932
73.7798033
74.48851925
75.63914481
74.97518991
76.70270447
75.14962276
77.26044493
77.78470823
77.4954078
76.47061123
76.90081743
76.45814755
76.5592116
75.0236884
76.97759195
78.23763213
77.65198083
77.07008358
76.09846013
75.21699765
75.94894258
76.85992893
77.82102722
76.98269677
76.43826372
76.39021801
77.13806936
77.10319826
77.43213755
77.29387681
75.67655743
75.99579292
76.539506
76.95922786
76.08381786
77.4979069
75.93484927
77.35337987
74.41879342
77.11998761
76.43875798
76.58418235
76.81703228
77.0824758
76.66435793
75.70670988
76.47795422
76.59416837
77.26186518
75.50489829
73.72109498
75.72734713
75.97429344
77.20627287
76.93117803
79.28697536
79.8255606
79.82895503
76.40362011
77.90946101
78.71498417
78.60454038
76.89664977
78.58575699
77.47540191
75.74357589
76.34895535
76.68951771
77.67868171
75.81315696
76.39955419
77.25885928
76.63320986
77.14452231
77.83429551
76.02726606
76.42141971
76.21189792
75.66390007
74.47664447
76.77634722
75.75823219
76.92044676
76.81673674
77.41572487
78.46059575
79.76845901
80.02946977
79.79252506
80.1730101
79.50842267
78.6879551
78.82971444
79.67167415
79.28782415
77.04425271
78.52679307
79.35830757
79.15880845
80.00290947
78.25471639
79.1521935
78.89256858
78.71046381
79.59361309
79.28746206
78.87129427
79.01872881
77.59062446
78.08236902
79.36272733
79.20034471
78.56509456
79.00653916
79.28219177
78.68602845
77.54338504
79.09715312
80.27290696
79.22492343
79.10119819
79.71916912
78.65839074
78.79498787
78.2116347
78.11065716
80.0652497
79.20635199
78.37897374
80.06878336
79.23327634
79.52580937
78.62478061
78.4457384
78.63141845
77.71564625
77.56534093
78.15664578
79.77799605
80.45215294
79.61940681
77.12267149
78.11399213
74.88352298
77.20669972
76.9195878
78.19325108
79.06246989
78.48886735
78.72951118
79.98290326
78.00785809
79.93610789
78.54317985
78.22623886
81.26436554
80.59739964
80.99548085
79.97104669
79.06234284
78.91468221
79.5794146
80.917887
80.90621378
81.16023375
80.81661308
80.51788565
80.260281
80.18022353
81.54016002
81.36876607
81.80770757
79.66173049
80.49510954
79.49045611
81.33099973
82.15956811
81.20137539
81.884327
80.23885756
81.00023565
80.23248898
81.1294098
80.93056489
80.91841768
79.52572023
80.0137838
79.64816157
79.75489301
79.70993594
79.39001489
80.76965118
80.32864701
80.77672999
80.12600731
81.57887943
81.30217963
81.14576611
81.18154001
81.05919551
81.77025318
81.55572437
81.73744201
80.36285439
80.59051406
80.93397016
80.70628507
80.92383397
80.11387333
78.82427599
80.47697395
80.77557035
81.1691353
80.70626481
79.70202181
81.01310047
81.74756386
81.47408546
79.62974881
80.44134903
80.25952445
81.40900107
81.45902809
81.0230375
80.72610178
79.9042844
79.8877669
80.15917568
80.200933
79.83209673
81.62463189
81.61750989
81.37488636
79.90478712
79.96657951
80.51308246
80.02623713
79.33664241
80.46977238
80.42851808
80.15471221
80.77883967
81.0078043
80.59207015
81.18192279
80.62792932
78.59103178
80.94667155
78.86641087
80.81587657
81.6803197
82.37832707
81.69854603
79.02135611
80.2634936
