-573
-606
-640
-689
-738
-753
-753
-760
-750
-716
-682
-637
-598
-556
-536
-523
-501
-484
-486
-483
-475
-478
-472
-469
-497
-510
-486
-470
-456
-411
-388
-391
-388
-403
-422
-404
-374
-315
-207
-135
-157
-193
-197
-179
-142
-69
1
-27
-113
-162
-236
-376
-399
-334
-461
-1648
-6376
-15576
-23332
-21533
-11182
487
9621
13958
11438
2442
-10937
-24995
-32768
-27177
-10219
7814
19010
20532
13418
2429
-6566
-9330
-4691
5635
17440
24594
23133
13730
935
-9277
-12628
-7960
2011
12690
20698
24043
20960
11438
-360
-9102
-12687
-11292
-5894
987
6560
9529
9291
5241
-1397
-6997
-8502
-5578
-188
4904
7363
6263
2423
-2737
-7674
-10202
-8700
-3942
1756
6379
8271
6580
2260
-2791
-6851
-8367
-6833
-3468
13
2753
4391
4282
2126
-1447
-4725
-5890
-4699
-2144
574
2460
2838
1638
-452
-2587
-3932
-3534
-1429
1184
3006
3239
2081
495
-706
-1168
-664
815
2652
4109
4777
4404
3390
2738
2748
2806
2428
1760
1231
1255
1803
2356
2609
2726
2794
2592
1812
575
-621
-1252
-1065
-468
-157
-303
-460
-386
-370
-584
-821
-913
-870
-681
-404
-241
-320
-591
-1053
-1648
-2082
-2058
-1497
-623
216
694
606
-55
-1086
-2041
-2568
-2491
-1802
-829
-4
390
262
-294
-927
-1311
-1432
-1281
-813
-238
151
326
299
17
-441
-833
-882
-488
217
958
1424
1497
1195
686
200
-112
-66
453
1343
2202
2575
2350
1725
1053
626
515
645
938
1291
1566
1620
1369
901
466
248
208
265
379
500
592
576
399
105
-179
-339
-327
-171
42
244
385
383
181
-162
-504
-648
-516
-245
27
234
318
293
228
137
11
-70
-30
77
182
228
219
188
167
154
140
137
158
196
270
389
481
496
457
385
314
290
328
401
482
552
593
611
608
544
475
438
415
391
363
331
300
299
311
310
274
215
161
125
119
141
185
227
219
136
4
-116
-170
-160
-113
-39
33
75
89
68
7
-72
-92
-43
27
92
133
153
151
122
67
-12
-70
-94
-59
1
39
47
17
-56
-157
-250
-311
-335
-329
-323
-363
-456
-557
-668
-765
-809
-806
-766
-703
-646
-630
-659
-714
-761
-810
-851
-872
-872
-857
-846
-827
-834
-877
-915
-926
-924
-896
-852
-796
-748
-717
-723
-741
-765
-772
-752
-721
-672
-610
-574
-559
-551
-547
-546
-535
-505
-493
-492
-475
-464
-461
-448
-426
-401
-391
-384
-393
-408
-424
-438
-443
-443
-443
-454
-449
-439
-445
-473
-510
-561
-645
-751
-867
-973
-1057
-1131
-1183
-1234
-1278
-1301
-1333
