-112
-125
-85
5
113
214
282
287
233
127
0
-114
-181
-210
-168
-40
113
268
391
429
368
227
26
-169
-283
-289
-171
34
251
392
412
308
121
-48
-143
-113
28
202
316
288
107
-177
-430
-549
-424
-45
462
914
1096
888
337
-354
-992
-1299
-1130
-580
196
928
1323
1253
787
59
-593
-933
-898
-469
83
530
686
476
-30
-506
-839
-1586
-4842
-14632
-28927
-32768
-14990
10843
25224
26270
17513
2191
-14200
-25508
-28085
-22853
-11178
2567
14404
22464
24834
22487
16305
8185
518
-5170
-7679
-7044
-3258
3339
11334
15927
11484
4
-9158
-10443
-4200
7047
15868
16081
8963
-909
-10335
-16685
-17169
-12255
-3896
5367
12705
16391
15624
11175
4373
-2703
-8435
-11711
-11857
-9041
-3159
3921
8575
8529
5707
2952
-28
-3757
-6551
-5869
-2713
-244
353
-168
-673
-1271
-1597
-1080
40
1530
2818
3453
3208
2242
1063
-40
-880
-1094
-200
1904
3876
3717
2151
2128
4606
6863
6627
4406
583
-3140
-4005
-2150
440
2733
4619
5388
4473
2416
-92
-2304
-3589
-3709
-2749
-1190
352
1411
1934
2252
2343
1197
-1719
-4649
-5285
-3496
-450
2879
4917
4338
1712
-1589
-4010
-4222
-2573
-466
1380
2715
2900
1794
13
-1746
-2771
-2709
-1710
-300
1038
2187
3175
3522
2418
178
-1685
-2283
-1960
-916
850
2811
4173
4347
3350
1487
-511
-1638
-1571
-688
332
1257
1899
1868
1240
346
-423
-950
-1211
-1115
-596
185
556
29
-931
-1413
-1371
-1282
-1207
-1102
-1087
-1009
-514
63
242
17
-602
-1395
-1873
-1813
-1456
-978
-361
230
596
586
242
-298
-733
-749
-481
-417
-682
-784
-435
114
586
957
968
423
-279
-793
-887
-417
317
884
1075
878
395
-93
-372
-486
-355
75
522
698
571
346
172
-92
-586
-1071
-1195
-962
-606
-192
176
265
19
-482
-1109
-1658
-1901
-1701
-1160
-569
-157
-83
-357
-816
-1217
-1420
-1436
-1254
-961
-647
-338
-135
-216
-571
-908
-1000
-909
-758
-526
-312
-236
-236
-242
-303
-439
-563
-665
-705
-563
-304
-79
33
17
-95
-230
-341
-444
-515
-458
-227
-7
4
-148
-267
-328
-379
-386
-373
-407
-492
-550
-548
-485
-340
-218
-209
-319
-516
-712
-813
-803
-725
-585
-432
-360
-384
-460
-506
-503
-502
-533
-538
-457
-347
-254
-169
-116
-145
-226
-307
-350
-328
-217
-21
172
292
312
206
27
-127
-184
-112
35
193
303
356
377
349
214
51
-7
22
96
196
311
385
376
326
258
165
101
78
91
158
253
330
356
315
232
128
68
55
77
130
211
302
335
280
178
108
