  -8.8000000e+01	
  -1.1000000e+02	
  -5.8000000e+01	
   8.3000000e+01	
   2.9900000e+02	
   5.1000000e+02	
   6.1400000e+02	
   5.7500000e+02	
   3.7800000e+02	
   8.9000000e+01	
  -1.9800000e+02	
  -3.9800000e+02	
  -4.4300000e+02	
  -3.4900000e+02	
  -1.6700000e+02	
   6.8000000e+01	
   2.9500000e+02	
   4.5700000e+02	
   5.3600000e+02	
   5.3800000e+02	
   4.4900000e+02	
   2.8900000e+02	
   8.5000000e+01	
  -1.1300000e+02	
  -2.7200000e+02	
  -3.6300000e+02	
  -3.5700000e+02	
  -2.9700000e+02	
  -1.9900000e+02	
  -6.6000000e+01	
   8.9000000e+01	
   2.8700000e+02	
   5.0200000e+02	
   6.7900000e+02	
   7.7000000e+02	
   6.5600000e+02	
   3.1700000e+02	
  -1.7600000e+02	
  -7.0600000e+02	
  -1.0400000e+03	
  -1.0400000e+03	
  -6.9000000e+02	
  -8.5000000e+01	
   5.1500000e+02	
   8.8800000e+02	
   9.1700000e+02	
   6.2800000e+02	
   2.0600000e+02	
  -1.4100000e+02	
  -2.4900000e+02	
  -1.3200000e+02	
   4.7000000e+01	
   1.0700000e+02	
  -8.4000000e+01	
  -4.8900000e+02	
  -8.6500000e+02	
  -9.5800000e+02	
  -5.9500000e+02	
   1.8900000e+02	
   1.0640000e+03	
   1.6530000e+03	
   1.6450000e+03	
   9.5200000e+02	
  -1.1300000e+02	
  -1.1130000e+03	
  -1.6320000e+03	
  -1.4540000e+03	
  -7.4700000e+02	
   1.1700000e+02	
   7.3100000e+02	
   7.9400000e+02	
   3.9500000e+02	
  -2.1600000e+02	
  -1.0250000e+03	
  -2.7950000e+03	
  -7.3650000e+03	
  -1.5113000e+04	
  -2.0703000e+04	
  -1.4788000e+04	
   3.3630000e+03	
   1.9378000e+04	
   2.1883000e+04	
   1.6198000e+04	
   8.4810000e+03	
  -1.8590000e+03	
  -1.0737000e+04	
  -1.4363000e+04	
  -1.4388000e+04	
  -1.0471000e+04	
  -3.6560000e+03	
   3.3040000e+03	
   9.5700000e+03	
   1.3194000e+04	
   1.3442000e+04	
   1.1078000e+04	
   6.6880000e+03	
   1.6230000e+03	
  -2.8980000e+03	
  -5.7470000e+03	
  -6.6370000e+03	
  -6.2380000e+03	
  -5.6870000e+03	
  -5.8000000e+03	
  -5.2760000e+03	
  -1.3580000e+03	
   5.7570000e+03	
   1.0111000e+04	
   7.1860000e+03	
   8.5800000e+02	
  -3.6690000e+03	
  -6.6860000e+03	
  -8.1260000e+03	
  -6.1520000e+03	
  -2.4560000e+03	
   1.1420000e+03	
   4.7140000e+03	
   7.0070000e+03	
   7.3350000e+03	
   5.9110000e+03	
   2.7090000e+03	
  -1.0080000e+03	
  -3.8190000e+03	
  -5.1290000e+03	
  -4.5650000e+03	
  -2.3280000e+03	
   7.8600000e+02	
   3.6100000e+03	
   5.1420000e+03	
   5.0170000e+03	
   3.8560000e+03	
   3.0860000e+03	
   3.1090000e+03	
   2.0590000e+03	
  -1.5770000e+03	
  -5.5620000e+03	
  -6.7600000e+03	
  -5.6640000e+03	
  -3.8600000e+03	
  -1.0560000e+03	
   2.1070000e+03	
   3.9300000e+03	
   4.5350000e+03	
   4.2330000e+03	
   2.6660000e+03	
   4.2900000e+02	
  -1.8140000e+03	
  -3.4910000e+03	
  -3.7920000e+03	
  -2.8300000e+03	
  -1.1620000e+03	
   8.1400000e+02	
   2.5310000e+03	
   3.4440000e+03	
   3.3370000e+03	
   2.4090000e+03	
   1.1910000e+03	
   3.8800000e+02	
   2.1600000e+02	
  -7.6000000e+01	
  -1.1790000e+03	
  -2.1740000e+03	
  -1.5970000e+03	
   4.8000000e+01	
   1.2660000e+03	
   2.0030000e+03	
   2.5000000e+03	
   2.0630000e+03	
   8.2600000e+02	
  -3.5400000e+02	
  -1.3940000e+03	
  -2.1900000e+03	
  -2.3260000e+03	
  -1.8640000e+03	
  -9.1000000e+02	
   2.9300000e+02	
   1.1820000e+03	
   1.5940000e+03	
   1.6220000e+03	
   1.2170000e+03	
   5.0100000e+02	
  -2.3100000e+02	
  -7.4200000e+02	
  -8.1400000e+02	
  -4.6300000e+02	
  -1.0300000e+02	
  -8.4000000e+01	
  -1.0300000e+02	
   4.5300000e+02	
   1.3140000e+03	
   1.5910000e+03	
   1.2620000e+03	
   8.2500000e+02	
   1.8600000e+02	
  -6.3400000e+02	
  -1.0780000e+03	
  -1.0420000e+03	
  -8.0800000e+02	
  -3.6300000e+02	
   2.2700000e+02	
   6.9200000e+02	
   9.4100000e+02	
   8.5700000e+02	
   4.2800000e+02	
  -8.0000000e+01	
  -5.3100000e+02	
  -8.9900000e+02	
  -1.0250000e+03	
  -8.4800000e+02	
  -4.4000000e+02	
   7.0000000e+01	
   4.4700000e+02	
   4.8900000e+02	
   3.4300000e+02	
   3.4200000e+02	
   4.6900000e+02	
   3.4200000e+02	
  -1.4000000e+01	
  -2.2800000e+02	
  -2.9000000e+02	
  -3.8200000e+02	
  -3.4200000e+02	
  -8.7000000e+01	
   1.3900000e+02	
   2.9300000e+02	
   4.4600000e+02	
   4.9800000e+02	
   3.9700000e+02	
   1.6600000e+02	
  -1.7900000e+02	
  -4.8100000e+02	
  -6.1500000e+02	
  -6.0600000e+02	
  -4.4200000e+02	
  -1.2900000e+02	
   1.8600000e+02	
   3.6600000e+02	
   3.3100000e+02	
   5.9000000e+01	
  -2.9100000e+02	
  -4.7800000e+02	
  -4.6600000e+02	
  -3.8700000e+02	
  -3.2500000e+02	
  -1.7800000e+02	
   5.0000000e+01	
   1.4900000e+02	
   1.4100000e+02	
   1.6600000e+02	
   1.3900000e+02	
   4.0000000e+01	
  -2.4000000e+01	
  -7.1000000e+01	
  -1.6100000e+02	
  -2.5400000e+02	
  -3.2700000e+02	
  -3.3000000e+02	
  -2.2100000e+02	
  -3.5000000e+01	
   1.5500000e+02	
   3.0200000e+02	
   3.5100000e+02	
   2.4400000e+02	
   4.0000000e+00	
  -2.9000000e+02	
  -5.4200000e+02	
  -6.2700000e+02	
  -5.2300000e+02	
  -3.5100000e+02	
  -2.0800000e+02	
  -5.5000000e+01	
   1.1100000e+02	
   1.7100000e+02	
   1.0100000e+02	
   8.0000000e+00	
  -8.7000000e+01	
  -2.3100000e+02	
  -3.5200000e+02	
  -3.8700000e+02	
  -3.7800000e+02	
  -3.4100000e+02	
  -2.6500000e+02	
  -1.5900000e+02	
  -4.0000000e+01	
   4.6000000e+01	
   7.3000000e+01	
   6.2000000e+01	
   1.0000000e+01	
  -8.7000000e+01	
  -2.0100000e+02	
  -3.0300000e+02	
  -3.6600000e+02	
  -3.6000000e+02	
  -2.8600000e+02	
  -1.9900000e+02	
  -1.4200000e+02	
  -9.0000000e+01	
  -3.6000000e+01	
  -3.0000000e+01	
  -9.6000000e+01	
  -1.7500000e+02	
  -2.4000000e+02	
  -2.9800000e+02	
  -3.2900000e+02	
  -2.9600000e+02	
  -2.2800000e+02	
  -1.8200000e+02	
  -1.3300000e+02	
  -9.9000000e+01	
  -1.0500000e+02	
  -1.2500000e+02	
  -1.5700000e+02	
  -1.9000000e+02	
  -2.0500000e+02	
  -2.1900000e+02	
  -2.2800000e+02	
  -2.2200000e+02	
  -2.0800000e+02	
  -1.9100000e+02	
  -1.5900000e+02	
  -1.3100000e+02	
  -1.3900000e+02	
  -1.5700000e+02	
  -1.6800000e+02	
  -1.8500000e+02	
  -2.2200000e+02	
  -2.4200000e+02	
  -2.3300000e+02	
  -2.2400000e+02	
  -2.1100000e+02	
  -1.8400000e+02	
  -1.4100000e+02	
  -1.3500000e+02	
  -1.5400000e+02	
  -1.5900000e+02	
  -1.8300000e+02	
  -2.0200000e+02	
  -2.0900000e+02	
  -2.1800000e+02	
  -2.1000000e+02	
  -1.9100000e+02	
  -1.7300000e+02	
  -1.6200000e+02	
  -1.5100000e+02	
  -1.3800000e+02	
  -1.2800000e+02	
  -1.3700000e+02	
  -1.6400000e+02	
  -1.8900000e+02	
  -1.9600000e+02	
  -1.8600000e+02	
  -1.8500000e+02	
  -1.7700000e+02	
  -1.5400000e+02	
  -1.3300000e+02	
  -1.1500000e+02	
  -1.1000000e+02	
  -1.1200000e+02	
  -1.2100000e+02	
  -1.3500000e+02	
  -1.4600000e+02	
  -1.4200000e+02	
  -1.3900000e+02	
  -1.3700000e+02	
  -1.2500000e+02	
  -1.1500000e+02	
  -1.0100000e+02	
  -9.3000000e+01	
  -9.2000000e+01	
  -8.3000000e+01	
  -9.1000000e+01	
  -1.0000000e+02	
  -1.1100000e+02	
  -1.2500000e+02	
  -1.2500000e+02	
  -1.1500000e+02	
  -1.0100000e+02	
  -9.5000000e+01	
  -9.4000000e+01	
  -8.1000000e+01	
  -7.4000000e+01	
  -8.4000000e+01	
  -8.9000000e+01	
  -9.7000000e+01	
  -1.0000000e+02	
  -1.0300000e+02	
  -1.0900000e+02	
  -9.7000000e+01	
  -8.4000000e+01	
  -8.2000000e+01	
  -7.5000000e+01	
  -6.5000000e+01	
  -6.4000000e+01	
  -6.7000000e+01	
  -7.4000000e+01	
  -8.4000000e+01	
  -8.8000000e+01	
  -9.5000000e+01	
  -9.9000000e+01	
  -1.0500000e+02	
  -1.0700000e+02	
  -1.0500000e+02	
  -9.6000000e+01	
  -1.0000000e+02	
  -1.1100000e+02	
  -1.1300000e+02	
  -1.1500000e+02	
  -1.2300000e+02	
  -1.3900000e+02	
  -1.4500000e+02	
  -1.4000000e+02	
  -1.4200000e+02	
  -1.3700000e+02	
  -1.3100000e+02	
  -1.3200000e+02	
  -1.3800000e+02	
  -1.3700000e+02	
  -1.4100000e+02	
  -1.4800000e+02	
  -1.4900000e+02	
  -1.5800000e+02	
  -1.5700000e+02	
  -1.5100000e+02	
  -1.5800000e+02	
  -1.5800000e+02	
  -1.5000000e+02	
  -1.4700000e+02	
  -1.4900000e+02	
  -1.4400000e+02	
  -1.4800000e+02	
  -1.5200000e+02	
  -1.5600000e+02	
  -1.7000000e+02	
  -1.7100000e+02	
  -1.7400000e+02	
  -1.7700000e+02	
  -1.7400000e+02	
  -1.8100000e+02	
  -1.7600000e+02	
  -1.6800000e+02	
  -1.6900000e+02	
  -1.7300000e+02	
  -1.6900000e+02	
  -1.6900000e+02	
  -1.6700000e+02	
  -1.7300000e+02	
  -1.8000000e+02	
  -1.6600000e+02	
  -1.6400000e+02	
  -1.6600000e+02	
  -1.6100000e+02	
