  -3.1200000e+02	
  -3.0700000e+02	
  -2.9000000e+02	
  -3.1500000e+02	
  -3.1100000e+02	
  -3.2900000e+02	
  -3.2200000e+02	
  -3.4500000e+02	
  -3.5200000e+02	
  -3.5200000e+02	
  -3.5800000e+02	
  -3.5500000e+02	
  -3.7600000e+02	
  -3.9200000e+02	
  -4.3800000e+02	
  -4.3400000e+02	
  -4.3600000e+02	
  -4.7100000e+02	
  -4.7400000e+02	
  -4.3800000e+02	
  -4.1300000e+02	
  -4.4500000e+02	
  -4.1200000e+02	
  -3.6100000e+02	
  -3.5600000e+02	
  -3.9000000e+02	
  -3.7800000e+02	
  -3.2500000e+02	
  -3.3900000e+02	
  -3.7900000e+02	
  -3.8700000e+02	
  -2.9800000e+02	
  -2.9800000e+02	
  -3.1900000e+02	
  -2.4700000e+02	
  -1.6400000e+02	
  -1.7000000e+02	
  -2.2700000e+02	
  -1.6200000e+02	
  -1.2500000e+02	
  -2.1500000e+02	
  -2.7200000e+02	
  -2.3200000e+02	
  -2.7200000e+02	
  -4.4400000e+02	
  -5.9900000e+02	
  -4.9300000e+02	
   4.2100000e+02	
   1.8340000e+03	
   1.4200000e+03	
  -1.6350000e+03	
  -2.0260000e+03	
   2.0290000e+03	
   1.4760000e+03	
  -4.9590000e+03	
  -6.9490000e+03	
  -2.9210000e+03	
   2.5390000e+03	
   5.1300000e+03	
   1.3720000e+03	
  -5.2200000e+02	
   3.0220000e+03	
   5.2960000e+03	
   3.0800000e+03	
  -6.5480000e+03	
  -1.0843000e+04	
  -8.8000000e+02	
   5.0090000e+03	
   8.6600000e+02	
  -6.2800000e+02	
   2.4340000e+03	
   3.9690000e+03	
   4.4630000e+03	
  -6.6200000e+02	
  -9.3610000e+03	
  -7.3830000e+03	
  -1.0680000e+03	
   1.2650000e+03	
   2.7600000e+02	
  -3.4100000e+02	
   4.5300000e+03	
   5.5740000e+03	
   2.3590000e+03	
  -1.1440000e+03	
  -5.1470000e+03	
  -3.9980000e+03	
  -1.0980000e+03	
   8.7900000e+02	
   9.9900000e+02	
   7.5000000e+01	
   2.9640000e+03	
   3.6780000e+03	
   9.3900000e+02	
  -1.5510000e+03	
  -4.0490000e+03	
  -2.9280000e+03	
  -3.9300000e+02	
   4.0700000e+02	
   5.3200000e+02	
  -1.5200000e+02	
   3.5800000e+02	
   1.5770000e+03	
   7.2600000e+02	
  -2.5970000e+03	
  -3.0200000e+03	
  -3.0000000e+02	
  -2.8200000e+02	
   6.4400000e+02	
   1.0210000e+03	
  -7.4200000e+02	
  -4.6400000e+02	
  -4.2000000e+01	
   2.2000000e+02	
  -1.4460000e+03	
  -1.8440000e+03	
   6.4800000e+02	
   9.4800000e+02	
   1.3600000e+03	
   8.8100000e+02	
  -9.2300000e+02	
  -1.3260000e+03	
  -4.8300000e+02	
   4.0400000e+02	
  -9.2000000e+02	
  -1.4600000e+03	
   5.5700000e+02	
   1.9540000e+03	
   1.0820000e+03	
  -5.7500000e+02	
  -1.5720000e+03	
  -1.7050000e+03	
  -2.4300000e+02	
   2.4000000e+01	
  -9.5800000e+02	
  -4.1000000e+02	
   8.1900000e+02	
   2.0180000e+03	
   1.0950000e+03	
  -9.9800000e+02	
  -9.1600000e+02	
  -8.3000000e+01	
   2.5700000e+02	
   4.9800000e+02	
   4.5200000e+02	
   3.3700000e+02	
   8.1700000e+02	
   1.3160000e+03	
   4.6400000e+02	
  -1.1770000e+03	
  -1.2990000e+03	
  -6.2000000e+01	
   3.2500000e+02	
   3.4800000e+02	
   3.1300000e+02	
  -2.2100000e+02	
   9.0000000e+01	
   6.5800000e+02	
  -8.6000000e+01	
  -1.2770000e+03	
  -1.1440000e+03	
   5.6600000e+02	
   1.6320000e+03	
   9.5600000e+02	
   3.5200000e+02	
   3.9600000e+02	
   6.4600000e+02	
   7.6200000e+02	
  -2.0200000e+02	
  -1.0010000e+03	
  -3.3200000e+02	
   8.2800000e+02	
   1.4340000e+03	
   5.6400000e+02	
  -5.3200000e+02	
  -3.2300000e+02	
   1.4300000e+02	
  -2.0300000e+02	
  -8.6200000e+02	
  -7.9300000e+02	
  -1.2800000e+02	
   8.0600000e+02	
   1.2850000e+03	
   5.9500000e+02	
  -4.4500000e+02	
  -4.5300000e+02	
   4.9400000e+02	
   3.2200000e+02	
  -2.7900000e+02	
  -4.0000000e+00	
   4.9700000e+02	
   1.4060000e+03	
   1.4100000e+03	
   1.4000000e+02	
  -8.8900000e+02	
  -6.1100000e+02	
   4.7700000e+02	
   2.3800000e+02	
  -5.3300000e+02	
  -2.5500000e+02	
   6.1600000e+02	
   1.1540000e+03	
   4.9800000e+02	
  -7.4400000e+02	
  -1.1700000e+03	
  -3.1900000e+02	
   4.2700000e+02	
   2.3600000e+02	
  -2.5000000e+01	
   2.5600000e+02	
   9.5700000e+02	
   1.0600000e+03	
   1.1400000e+02	
  -8.3100000e+02	
  -9.1200000e+02	
  -2.1400000e+02	
   3.3500000e+02	
   3.2100000e+02	
   1.9900000e+02	
   5.3000000e+01	
   2.9900000e+02	
   5.3700000e+02	
  -3.6400000e+02	
  -1.2630000e+03	
  -1.1010000e+03	
  -2.7600000e+02	
   3.4500000e+02	
   2.2100000e+02	
  -1.2500000e+02	
  -2.8100000e+02	
   6.0000000e+01	
   1.7100000e+02	
  -7.4500000e+02	
  -1.4030000e+03	
  -8.8600000e+02	
   8.7000000e+01	
   3.6200000e+02	
   7.8000000e+01	
  -2.3400000e+02	
  -2.7100000e+02	
   4.5000000e+01	
  -2.2400000e+02	
  -8.6500000e+02	
  -9.4100000e+02	
  -3.3000000e+02	
   3.0900000e+02	
   3.6900000e+02	
   1.9700000e+02	
  -1.2200000e+02	
  -3.2100000e+02	
  -2.3000000e+02	
  -4.5800000e+02	
  -8.0000000e+02	
  -7.3800000e+02	
  -3.2400000e+02	
   0.0000000e+00	
   8.6000000e+01	
  -1.4000000e+02	
  -6.0200000e+02	
  -7.2700000e+02	
  -5.4300000e+02	
  -4.9500000e+02	
  -6.2900000e+02	
  -5.2500000e+02	
  -4.4000000e+01	
   3.0800000e+02	
   2.7900000e+02	
  -1.8500000e+02	
  -5.3000000e+02	
  -3.7600000e+02	
  -2.4200000e+02	
  -2.8400000e+02	
  -3.4400000e+02	
  -1.4700000e+02	
   1.6800000e+02	
   1.9300000e+02	
  -1.1400000e+02	
  -5.7100000e+02	
  -6.9000000e+02	
  -5.8300000e+02	
  -6.1900000e+02	
  -6.2600000e+02	
  -4.0700000e+02	
  -1.4400000e+02	
  -1.5900000e+02	
  -1.9400000e+02	
  -2.6400000e+02	
  -4.3300000e+02	
  -4.0200000e+02	
  -2.4700000e+02	
  -1.0700000e+02	
   5.3000000e+01	
   2.6900000e+02	
   3.6000000e+02	
   2.0600000e+02	
   1.3900000e+02	
   4.7000000e+01	
  -1.1300000e+02	
  -7.3000000e+01	
   7.2000000e+01	
   2.0300000e+02	
   2.5500000e+02	
   3.1800000e+02	
   3.1300000e+02	
   8.5000000e+01	
  -1.1000000e+02	
  -1.3900000e+02	
  -3.2000000e+01	
   6.0000000e+01	
   1.1400000e+02	
   2.8500000e+02	
   4.4700000e+02	
   5.1600000e+02	
   3.8600000e+02	
   1.3200000e+02	
   4.1000000e+01	
   1.4900000e+02	
   3.4200000e+02	
   3.1300000e+02	
   2.6100000e+02	
   4.5800000e+02	
   6.1300000e+02	
   4.9800000e+02	
   2.1700000e+02	
   7.3000000e+01	
   8.7000000e+01	
   1.7300000e+02	
   3.0200000e+02	
   3.4400000e+02	
   3.6000000e+02	
   4.3900000e+02	
   4.6600000e+02	
   3.3800000e+02	
   1.2300000e+02	
   1.7000000e+01	
   1.5000000e+01	
   1.2000000e+02	
   2.8900000e+02	
   3.3000000e+02	
   2.5700000e+02	
   2.6300000e+02	
   3.5200000e+02	
   2.9200000e+02	
   2.7000000e+01	
  -1.2300000e+02	
   1.2000000e+01	
   2.5400000e+02	
   3.1900000e+02	
   2.1600000e+02	
   1.8800000e+02	
   2.9600000e+02	
   4.0300000e+02	
   2.7100000e+02	
  -9.0000000e+00	
  -2.7000000e+01	
   2.4500000e+02	
   3.9600000e+02	
   2.3500000e+02	
   1.0600000e+02	
   1.6000000e+02	
   2.4900000e+02	
   2.0000000e+02	
   2.4000000e+01	
  -1.1500000e+02	
  -6.5000000e+01	
   1.5900000e+02	
   2.3200000e+02	
   6.6000000e+01	
   2.7000000e+01	
   1.6200000e+02	
   2.1100000e+02	
   1.3300000e+02	
   6.0000000e+01	
   2.7000000e+01	
   7.4000000e+01	
   2.0800000e+02	
   2.5600000e+02	
   1.2600000e+02	
   5.3000000e+01	
   1.6800000e+02	
   2.5000000e+02	
   1.5400000e+02	
   4.0000000e+00	
  -2.7000000e+01	
   7.1000000e+01	
   1.5400000e+02	
   9.1000000e+01	
  -4.6000000e+01	
  -3.7000000e+01	
   1.2800000e+02	
   1.9500000e+02	
   6.2000000e+01	
  -8.3000000e+01	
  -1.2000000e+01	
   1.7500000e+02	
   2.0100000e+02	
   7.8000000e+01	
   7.0000000e+01	
   1.7400000e+02	
   2.5200000e+02	
   2.1700000e+02	
   7.2000000e+01	
  -1.2000000e+01	
   5.6000000e+01	
   1.7200000e+02	
   1.4500000e+02	
   1.8000000e+01	
   5.5000000e+01	
   1.8000000e+02	
   2.1600000e+02	
   1.4900000e+02	
   7.6000000e+01	
   3.7000000e+01	
   1.1900000e+02	
   2.6100000e+02	
   2.5700000e+02	
   1.5800000e+02	
   1.5700000e+02	
   2.8800000e+02	
   3.6200000e+02	
   2.6700000e+02	
   1.4400000e+02	
   1.4100000e+02	
   2.4100000e+02	
   3.3000000e+02	
   2.5700000e+02	
   1.2600000e+02	
   1.6500000e+02	
   2.8900000e+02	
   3.1500000e+02	
   1.9500000e+02	
   8.8000000e+01	
   1.5600000e+02	
   2.9700000e+02	
   3.2500000e+02	
   2.3500000e+02	
   2.0500000e+02	
   2.7400000e+02	
   3.5000000e+02	
   3.6400000e+02	
   2.8000000e+02	
   2.3600000e+02	
   3.0500000e+02	
   4.0300000e+02	
   3.8700000e+02	
   2.9600000e+02	
   2.8000000e+02	
   2.7500000e+02	
   2.7800000e+02	
   2.6200000e+02	
   2.0500000e+02	
