  -2.7000000e+01	
  -1.4000000e+01	
  -7.0000000e+00	
   1.0000000e+00	
   1.0000000e+01	
   1.4000000e+01	
   1.0000000e+01	
   1.9000000e+01	
   2.1000000e+01	
   1.7000000e+01	
   1.1000000e+01	
   1.2000000e+01	
   2.0000000e+01	
   4.0000000e+00	
   0.0000000e+00	
  -4.0000000e+00	
  -2.2000000e+01	
  -4.5000000e+01	
  -6.0000000e+01	
  -5.5000000e+01	
  -7.6000000e+01	
  -9.4000000e+01	
  -9.8000000e+01	
  -1.1300000e+02	
  -1.2900000e+02	
  -1.4400000e+02	
  -1.6200000e+02	
  -1.7400000e+02	
  -1.9400000e+02	
  -2.0500000e+02	
  -2.0400000e+02	
  -2.2700000e+02	
  -2.3400000e+02	
  -2.2800000e+02	
  -2.3700000e+02	
  -2.4300000e+02	
  -2.4200000e+02	
  -2.3100000e+02	
  -2.4000000e+02	
  -2.4600000e+02	
  -2.3300000e+02	
  -2.2400000e+02	
  -2.3200000e+02	
  -2.4000000e+02	
  -2.3000000e+02	
  -2.1900000e+02	
  -2.1400000e+02	
  -2.0500000e+02	
  -1.6700000e+02	
  -1.4500000e+02	
  -1.4000000e+02	
  -1.0100000e+02	
  -6.5000000e+01	
  -7.7000000e+01	
  -1.3600000e+02	
  -1.6300000e+02	
  -1.7800000e+02	
  -2.3200000e+02	
  -2.9200000e+02	
  -3.2700000e+02	
  -2.1500000e+02	
   2.6300000e+02	
   8.7500000e+02	
   4.8700000e+02	
  -8.7000000e+02	
  -1.3090000e+03	
  -7.3900000e+02	
  -7.8200000e+02	
  -7.6900000e+02	
  -1.5100000e+02	
   3.4000000e+02	
   9.1000000e+02	
   5.2300000e+02	
   3.5200000e+02	
  -2.0100000e+02	
  -1.8280000e+03	
  -1.2100000e+02	
   8.0700000e+02	
  -4.6500000e+02	
  -2.7000000e+01	
   3.1200000e+02	
   1.3700000e+03	
   6.4100000e+02	
  -8.7400000e+02	
  -5.1300000e+02	
  -1.0080000e+03	
   2.5000000e+01	
   7.7700000e+02	
  -4.8100000e+02	
  -6.7100000e+02	
   2.2700000e+02	
   1.0510000e+03	
   2.3600000e+02	
  -9.0000000e+02	
  -7.8000000e+02	
   3.3700000e+02	
   1.0840000e+03	
   1.9500000e+02	
  -2.7000000e+02	
   2.3900000e+02	
   6.3800000e+02	
   8.3900000e+02	
  -4.7000000e+01	
  -1.0250000e+03	
  -2.4900000e+02	
   8.8100000e+02	
   9.0600000e+02	
  -1.5600000e+02	
  -3.6300000e+02	
   1.0220000e+03	
   2.3300000e+02	
  -7.2700000e+02	
  -2.1200000e+02	
  -6.9900000e+02	
  -1.0400000e+02	
   3.7300000e+02	
   2.8100000e+02	
   1.9300000e+02	
  -1.5400000e+02	
   7.7100000e+02	
   5.1000000e+01	
  -9.2300000e+02	
   1.9000000e+01	
  -1.2000000e+02	
  -3.0600000e+02	
   3.2400000e+02	
   5.9500000e+02	
   5.9100000e+02	
   3.1900000e+02	
   9.8000000e+01	
  -2.9000000e+01	
  -1.7200000e+02	
   5.0000000e+00	
   1.0000000e+00	
  -3.7000000e+01	
   5.1300000e+02	
   8.0900000e+02	
   4.8100000e+02	
   3.8000000e+01	
  -1.7700000e+02	
  -2.5000000e+01	
   2.3300000e+02	
  -1.0100000e+02	
  -4.7700000e+02	
   3.4400000e+02	
   7.1800000e+02	
   3.2400000e+02	
   1.7700000e+02	
  -2.2000000e+02	
  -2.2000000e+02	
  -1.9000000e+02	
  -2.7000000e+01	
  -1.6000000e+01	
  -2.8800000e+02	
   6.4100000e+02	
   8.4000000e+02	
   1.0400000e+02	
  -2.6000000e+01	
  -1.1300000e+02	
  -2.2100000e+02	
  -1.2500000e+02	
   1.9600000e+02	
   8.3000000e+01	
   6.4000000e+01	
   5.6200000e+02	
   6.5300000e+02	
   1.8600000e+02	
  -3.9500000e+02	
  -2.7800000e+02	
  -1.7400000e+02	
  -1.8000000e+02	
   1.4800000e+02	
   1.1100000e+02	
   4.0600000e+02	
   6.5500000e+02	
   3.7800000e+02	
   9.6000000e+01	
  -2.7600000e+02	
  -1.9300000e+02	
   1.5500000e+02	
   2.2200000e+02	
   2.7800000e+02	
   5.1700000e+02	
   7.0500000e+02	
   6.2400000e+02	
   2.3400000e+02	
  -4.4000000e+01	
  -9.0000000e+00	
  -1.4300000e+02	
   3.4000000e+01	
   2.4700000e+02	
   1.7200000e+02	
   4.6100000e+02	
   5.1300000e+02	
   1.6500000e+02	
  -1.9100000e+02	
  -2.6600000e+02	
  -1.7500000e+02	
  -2.5100000e+02	
   1.9000000e+01	
   4.0600000e+02	
   5.4200000e+02	
   4.5900000e+02	
   3.7300000e+02	
   2.7700000e+02	
  -1.2000000e+01	
  -2.2000000e+01	
  -1.5000000e+01	
   1.4300000e+02	
   5.0400000e+02	
   5.8000000e+02	
   7.1600000e+02	
   5.6400000e+02	
   3.7800000e+02	
   2.8500000e+02	
   8.0000000e+00	
  -1.6000000e+01	
   6.0000000e+01	
   3.3600000e+02	
   5.8100000e+02	
   5.4700000e+02	
   6.1400000e+02	
   5.1100000e+02	
   2.7300000e+02	
   1.4900000e+02	
   1.2900000e+02	
   8.8000000e+01	
   1.8400000e+02	
   5.4600000e+02	
   6.6000000e+02	
   6.0800000e+02	
   5.6500000e+02	
   4.3100000e+02	
   2.9900000e+02	
   1.7100000e+02	
   1.4500000e+02	
   1.3100000e+02	
   2.5300000e+02	
   5.4000000e+02	
   5.6300000e+02	
   4.3300000e+02	
   3.1600000e+02	
   2.0600000e+02	
   1.6900000e+02	
   7.8000000e+01	
  -2.6000000e+01	
   5.2000000e+01	
   2.8600000e+02	
   4.2200000e+02	
   3.5800000e+02	
   2.6300000e+02	
   1.9300000e+02	
   1.4700000e+02	
   7.2000000e+01	
  -1.9000000e+01	
  -2.0000000e+01	
   1.2000000e+02	
   2.9900000e+02	
   2.7200000e+02	
   2.1200000e+02	
   2.5800000e+02	
   1.7900000e+02	
   5.3000000e+01	
  -1.0000000e+00	
   4.0000000e+01	
   1.0700000e+02	
   1.6900000e+02	
   2.6400000e+02	
   2.9500000e+02	
   2.7500000e+02	
   2.2400000e+02	
   9.7000000e+01	
   6.0000000e+00	
   9.5000000e+01	
   1.8200000e+02	
   1.4200000e+02	
   1.7800000e+02	
   2.6200000e+02	
   2.9200000e+02	
   2.4800000e+02	
   1.0300000e+02	
   2.7000000e+01	
   7.8000000e+01	
   1.8900000e+02	
   2.0900000e+02	
   2.0700000e+02	
   3.2100000e+02	
   3.6800000e+02	
   3.5900000e+02	
   3.1800000e+02	
   1.9000000e+02	
   1.6100000e+02	
   2.7100000e+02	
   3.1900000e+02	
   3.2500000e+02	
   4.0500000e+02	
   4.3000000e+02	
   3.8200000e+02	
   3.4400000e+02	
   2.8500000e+02	
   1.7700000e+02	
   1.0500000e+02	
   1.8600000e+02	
   2.7800000e+02	
   3.0200000e+02	
   2.9900000e+02	
   2.3700000e+02	
   2.2300000e+02	
   2.2300000e+02	
   1.7500000e+02	
   1.0000000e+02	
   9.4000000e+01	
   2.2000000e+02	
   2.9900000e+02	
   2.9100000e+02	
   2.4000000e+02	
   2.3400000e+02	
   2.9000000e+02	
   2.6600000e+02	
   2.1800000e+02	
   1.9900000e+02	
   2.4500000e+02	
   2.9800000e+02	
   3.0300000e+02	
   3.0300000e+02	
   2.5900000e+02	
   2.4500000e+02	
   2.3600000e+02	
   2.1900000e+02	
   2.1300000e+02	
   2.0400000e+02	
   2.3900000e+02	
   2.4900000e+02	
   2.5200000e+02	
   2.6200000e+02	
   2.1200000e+02	
   1.6600000e+02	
   1.7700000e+02	
   2.3800000e+02	
   2.1500000e+02	
   1.9000000e+02	
   2.2200000e+02	
   2.3800000e+02	
   2.6400000e+02	
   2.2200000e+02	
   1.4000000e+02	
   1.2100000e+02	
   1.8500000e+02	
   2.5000000e+02	
   2.0700000e+02	
   1.8300000e+02	
   2.2000000e+02	
   2.5100000e+02	
   2.6600000e+02	
   1.9500000e+02	
   1.4300000e+02	
   1.9100000e+02	
   2.5600000e+02	
   2.6200000e+02	
   2.4500000e+02	
   2.6900000e+02	
   2.8500000e+02	
   2.8500000e+02	
   2.7800000e+02	
   2.1700000e+02	
   1.7400000e+02	
   2.0600000e+02	
   2.3400000e+02	
   2.4200000e+02	
   2.7300000e+02	
   2.6800000e+02	
   2.5000000e+02	
   2.4700000e+02	
   2.3500000e+02	
   1.8400000e+02	
   1.4500000e+02	
   1.9000000e+02	
   2.5300000e+02	
   2.8000000e+02	
   2.8800000e+02	
   2.6100000e+02	
   2.5500000e+02	
   2.5400000e+02	
   2.3500000e+02	
   1.9200000e+02	
   1.5900000e+02	
   2.1200000e+02	
   2.6200000e+02	
   2.6400000e+02	
   2.3500000e+02	
   2.0000000e+02	
   2.0100000e+02	
   1.9400000e+02	
   1.6400000e+02	
   1.1500000e+02	
   1.1500000e+02	
   1.7500000e+02	
   2.1200000e+02	
   2.1600000e+02	
   1.8400000e+02	
   1.5500000e+02	
   1.4800000e+02	
   1.5400000e+02	
   1.5700000e+02	
   1.4900000e+02	
   1.8000000e+02	
   2.1400000e+02	
   2.2800000e+02	
   2.3400000e+02	
   2.1100000e+02	
   1.8500000e+02	
   1.9500000e+02	
   2.2100000e+02	
   2.1900000e+02	
   2.1500000e+02	
   2.2200000e+02	
   2.3800000e+02	
   2.6500000e+02	
   2.6800000e+02	
   2.2300000e+02	
   1.8300000e+02	
   2.0100000e+02	
   2.4200000e+02	
   2.4400000e+02	
   2.3100000e+02	
   2.1700000e+02	
   2.2300000e+02	
   2.4800000e+02	
   2.2000000e+02	
   1.6600000e+02	
   1.6200000e+02	
   1.8800000e+02	
   1.9200000e+02	
   1.7300000e+02	
   1.5200000e+02	
   1.5800000e+02	
   1.7400000e+02	
   1.7400000e+02	
   1.4600000e+02	
   1.1600000e+02	
   1.2600000e+02	
   1.4800000e+02	
   1.6200000e+02	
   1.6600000e+02	
   1.8400000e+02	
   1.9200000e+02	
   1.9400000e+02	
   1.9300000e+02	
   1.7800000e+02	
   1.6900000e+02	
