  -6.4000000e+01	
  -6.2000000e+01	
  -7.7000000e+01	
  -8.2000000e+01	
  -1.1000000e+02	
  -1.2800000e+02	
  -1.4100000e+02	
  -1.7600000e+02	
  -1.9200000e+02	
  -2.2300000e+02	
  -2.4600000e+02	
  -2.8900000e+02	
  -3.2700000e+02	
  -3.4100000e+02	
  -3.8300000e+02	
  -4.2100000e+02	
  -4.4600000e+02	
  -4.5000000e+02	
  -4.8200000e+02	
  -5.0000000e+02	
  -4.9700000e+02	
  -5.1300000e+02	
  -4.9400000e+02	
  -5.0200000e+02	
  -5.0400000e+02	
  -5.1000000e+02	
  -5.1400000e+02	
  -5.2200000e+02	
  -4.9900000e+02	
  -4.5700000e+02	
  -4.5500000e+02	
  -4.6700000e+02	
  -4.4500000e+02	
  -3.9000000e+02	
  -4.0100000e+02	
  -3.9300000e+02	
  -3.6000000e+02	
  -3.4500000e+02	
  -3.1400000e+02	
  -3.1800000e+02	
  -2.9700000e+02	
  -3.0300000e+02	
  -3.0500000e+02	
  -3.0200000e+02	
  -2.9800000e+02	
  -2.8200000e+02	
  -2.5500000e+02	
  -2.3400000e+02	
  -2.4400000e+02	
  -2.1000000e+02	
  -2.1500000e+02	
  -2.2600000e+02	
  -2.5100000e+02	
  -3.0600000e+02	
  -2.8200000e+02	
  -2.9700000e+02	
  -3.2900000e+02	
  -3.3800000e+02	
  -2.9200000e+02	
  -3.0100000e+02	
  -3.2200000e+02	
  -2.6400000e+02	
  -2.0200000e+02	
  -2.3900000e+02	
  -3.6400000e+02	
  -3.5500000e+02	
  -3.9100000e+02	
  -4.6300000e+02	
  -6.3300000e+02	
  -7.0200000e+02	
  -7.9000000e+01	
   1.5390000e+03	
   2.5780000e+03	
   3.5700000e+02	
  -2.8440000e+03	
  -2.5290000e+03	
  -1.1860000e+03	
  -2.4490000e+03	
  -2.5790000e+03	
  -4.1000000e+01	
   3.1330000e+03	
   3.4960000e+03	
   4.4100000e+02	
   3.4900000e+02	
  -1.7320000e+03	
  -3.1390000e+03	
   4.7300000e+02	
  -1.1100000e+02	
   7.6600000e+02	
   3.1800000e+02	
   5.0400000e+02	
   3.4430000e+03	
  -1.1220000e+03	
  -1.6240000e+03	
  -2.5750000e+03	
  -3.8600000e+03	
   1.1270000e+03	
   7.6900000e+02	
   4.4100000e+02	
  -7.7000000e+02	
  -9.4800000e+02	
   2.4040000e+03	
  -1.0700000e+02	
  -3.6640000e+03	
  -3.3600000e+03	
  -1.2600000e+02	
   2.0990000e+03	
   1.8910000e+03	
  -5.4100000e+02	
  -1.9020000e+03	
   4.0900000e+02	
   6.5700000e+02	
  -5.9500000e+02	
  -3.9110000e+03	
  -3.3340000e+03	
   2.8050000e+03	
   3.3060000e+03	
   5.0300000e+02	
  -1.6390000e+03	
  -5.4800000e+02	
   1.1890000e+03	
  -6.3500000e+02	
  -2.1940000e+03	
  -2.8870000e+03	
  -5.6400000e+02	
   3.0020000e+03	
   2.9650000e+03	
  -1.0700000e+02	
  -1.1780000e+03	
   9.8900000e+02	
   2.9300000e+02	
  -1.2030000e+03	
  -1.5610000e+03	
  -1.7250000e+03	
   6.3100000e+02	
   2.1710000e+03	
   1.4750000e+03	
   2.1000000e+01	
  -1.1750000e+03	
  -7.8700000e+02	
  -2.7500000e+02	
  -8.7400000e+02	
  -2.0030000e+03	
  -1.3330000e+03	
   7.7300000e+02	
   1.8860000e+03	
   9.0600000e+02	
  -1.3520000e+03	
  -1.6340000e+03	
  -1.1130000e+03	
  -6.4300000e+02	
  -4.1500000e+02	
  -2.1980000e+03	
  -9.2900000e+02	
   1.9540000e+03	
   1.1990000e+03	
  -2.6000000e+02	
  -1.9290000e+03	
  -1.5880000e+03	
   7.1000000e+01	
  -7.9900000e+02	
  -8.5600000e+02	
  -5.3900000e+02	
   2.1500000e+02	
   2.3350000e+03	
   7.8300000e+02	
  -1.7940000e+03	
  -1.5500000e+03	
  -1.3550000e+03	
  -7.8600000e+02	
  -4.5400000e+02	
  -8.0000000e+02	
   5.3400000e+02	
   1.0750000e+03	
   7.4900000e+02	
   2.3600000e+02	
  -1.6760000e+03	
  -1.6290000e+03	
  -9.7200000e+02	
  -8.5500000e+02	
   5.4200000e+02	
   5.5000000e+02	
   7.6500000e+02	
   1.4290000e+03	
   3.9900000e+02	
  -3.7500000e+02	
  -1.3080000e+03	
  -1.8420000e+03	
  -9.1600000e+02	
   1.1800000e+02	
   7.3100000e+02	
   6.8000000e+02	
   5.1500000e+02	
   3.1500000e+02	
  -3.9700000e+02	
  -1.4470000e+03	
  -1.8160000e+03	
  -1.3620000e+03	
  -8.2700000e+02	
   4.7000000e+02	
   9.2400000e+02	
   4.1300000e+02	
   4.1800000e+02	
  -2.2100000e+02	
  -7.2400000e+02	
  -8.2600000e+02	
  -8.5400000e+02	
  -2.6500000e+02	
   4.9500000e+02	
   1.5310000e+03	
   1.8390000e+03	
   9.2700000e+02	
   5.6000000e+01	
  -3.4600000e+02	
  -5.5400000e+02	
  -4.6800000e+02	
  -9.1000000e+01	
   2.3400000e+02	
   1.1230000e+03	
   1.6650000e+03	
   1.0480000e+03	
   2.3900000e+02	
  -7.2700000e+02	
  -8.8600000e+02	
  -5.2600000e+02	
  -4.2800000e+02	
   3.3000000e+01	
   5.2300000e+02	
   1.1880000e+03	
   1.2440000e+03	
   4.7500000e+02	
  -1.5800000e+02	
  -9.9200000e+02	
  -1.1790000e+03	
  -5.1100000e+02	
  -5.6000000e+01	
   1.8500000e+02	
   4.0700000e+02	
   6.7200000e+02	
   4.8900000e+02	
  -1.4100000e+02	
  -9.0100000e+02	
  -1.4310000e+03	
  -1.0980000e+03	
  -2.6700000e+02	
   2.1800000e+02	
   1.5400000e+02	
   2.5000000e+02	
   5.8400000e+02	
   5.2700000e+02	
  -4.1000000e+01	
  -6.3700000e+02	
  -5.4000000e+02	
   1.4000000e+01	
   5.2100000e+02	
   6.9000000e+02	
   5.4000000e+02	
   5.3200000e+02	
   4.4700000e+02	
   4.8000000e+01	
  -3.8600000e+02	
  -5.9900000e+02	
  -3.3400000e+02	
   1.5000000e+02	
   2.9700000e+02	
   1.7500000e+02	
   1.4300000e+02	
  -1.6000000e+02	
  -5.4200000e+02	
  -6.6700000e+02	
  -7.7300000e+02	
  -7.5700000e+02	
  -6.4900000e+02	
  -3.3200000e+02	
  -1.2200000e+02	
  -3.1100000e+02	
  -4.4400000e+02	
  -7.4000000e+02	
  -1.0160000e+03	
  -8.7600000e+02	
  -7.4300000e+02	
  -5.8700000e+02	
  -2.4300000e+02	
   4.0000000e+01	
   9.2000000e+01	
  -1.0000000e+02	
  -3.9100000e+02	
  -5.2100000e+02	
  -5.9800000e+02	
  -6.2400000e+02	
  -4.3100000e+02	
  -3.0100000e+02	
  -1.3200000e+02	
  -5.5000000e+01	
  -2.0300000e+02	
  -2.6700000e+02	
  -5.1700000e+02	
  -7.5100000e+02	
  -6.8100000e+02	
  -5.1300000e+02	
  -1.6100000e+02	
   1.7300000e+02	
   2.7800000e+02	
   3.0400000e+02	
   2.3700000e+02	
   7.3000000e+01	
  -2.1400000e+02	
  -4.8500000e+02	
  -3.4000000e+02	
   5.0000000e+01	
   2.0200000e+02	
   2.2100000e+02	
   1.9300000e+02	
   3.6000000e+01	
  -1.3000000e+02	
  -4.3000000e+02	
  -7.8000000e+02	
  -8.5400000e+02	
  -6.1500000e+02	
  -2.8800000e+02	
  -1.4300000e+02	
  -1.2200000e+02	
  -1.3300000e+02	
  -2.9800000e+02	
  -5.4000000e+02	
  -7.9200000e+02	
  -9.5600000e+02	
  -7.4400000e+02	
  -3.3500000e+02	
  -6.1000000e+01	
   8.6000000e+01	
   5.7000000e+01	
  -1.3500000e+02	
  -3.6800000e+02	
  -5.7200000e+02	
  -7.6900000e+02	
  -7.5700000e+02	
  -4.6800000e+02	
  -1.4200000e+02	
   7.0000000e+00	
  -1.0000000e+00	
  -9.4000000e+01	
  -2.8700000e+02	
  -3.9700000e+02	
  -4.6100000e+02	
  -5.0900000e+02	
  -2.7600000e+02	
   8.7000000e+01	
   3.8900000e+02	
   4.3000000e+02	
   2.3200000e+02	
   2.4000000e+01	
  -1.2400000e+02	
  -1.6000000e+02	
  -1.8100000e+02	
  -6.7000000e+01	
   1.9800000e+02	
   4.0000000e+02	
   4.1200000e+02	
   1.6600000e+02	
  -1.2400000e+02	
  -3.3000000e+02	
  -3.4300000e+02	
  -2.1600000e+02	
  -1.1200000e+02	
   4.6000000e+01	
   2.4200000e+02	
   3.2200000e+02	
   1.7600000e+02	
  -7.7000000e+01	
  -2.9900000e+02	
  -4.2300000e+02	
  -3.1900000e+02	
  -6.1000000e+01	
   1.7200000e+02	
   3.9100000e+02	
   5.5800000e+02	
   5.2700000e+02	
   3.2600000e+02	
   1.3100000e+02	
   3.4000000e+01	
   9.9000000e+01	
   2.9900000e+02	
   5.1200000e+02	
   6.5000000e+02	
   7.0400000e+02	
   6.0200000e+02	
   3.8800000e+02	
   2.2300000e+02	
   9.4000000e+01	
   1.8000000e+01	
   8.2000000e+01	
   2.3100000e+02	
   2.9700000e+02	
   3.1500000e+02	
   2.5400000e+02	
   3.7000000e+01	
  -1.6800000e+02	
  -2.3600000e+02	
  -2.3300000e+02	
  -1.8300000e+02	
  -2.9000000e+01	
   1.5000000e+02	
   2.0200000e+02	
   1.5300000e+02	
   1.0000000e+01	
  -1.8800000e+02	
  -2.5300000e+02	
  -1.4800000e+02	
  -3.0000000e+00	
   1.3700000e+02	
   2.5300000e+02	
   3.4100000e+02	
   3.4500000e+02	
   2.2700000e+02	
   4.8000000e+01	
  -8.9000000e+01	
  -6.8000000e+01	
   7.5000000e+01	
   2.2100000e+02	
   3.2900000e+02	
   4.3400000e+02	
   5.1000000e+02	
   5.3200000e+02	
   4.5500000e+02	
   2.5200000e+02	
   1.6500000e+02	
   2.7800000e+02	
   4.4900000e+02	
   5.5500000e+02	
   5.8400000e+02	
   6.0000000e+02	
   5.7100000e+02	
   4.9800000e+02	
   3.4200000e+02	
   1.5400000e+02	
   1.2400000e+02	
   2.1300000e+02	
   2.6800000e+02	
   2.6800000e+02	
   2.6800000e+02	
   2.5200000e+02	
   2.2000000e+02	
   1.5000000e+02	
  -3.9000000e+01	
  -1.4200000e+02	
  -6.4000000e+01	
   7.2000000e+01	
   1.9400000e+02	
   2.5300000e+02	
