791
823
836
853
861
880
873
881
892
902
915
910
920
910
907
898
882
883
885
889
877
881
872
868
863
859
865
853
868
860
869
883
881
873
870
897
885
908
909
928
940
952
979
981
1014
1016
1047
1052
1067
1087
1097
1136
1123
1159
1134
1158
1145
1146
1161
1093
1148
1045
1107
985
1003
985
857
987
530
335
1000
4341
2938
-637
-843
-2293
153
-2560
348
3434
-826
6161
436
-2045
571
-1945
4786
-1451
414
5531
1670
4182
-1648
-1271
86
-1717
3089
-677
-174
4372
1738
863
-1100
-2150
757
-97
1003
1753
266
3992
2954
657
-864
-1927
1820
503
-477
1660
2709
2856
733
388
-861
-1517
849
-143
-759
1927
2988
421
33
1767
-577
-1679
-181
734
1185
1739
1596
748
1849
1356
-975
-1239
615
2390
1373
479
940
1955
2335
-983
-2036
111
952
938
-17
456
1351
1425
537
-2225
-1619
1378
460
-159
1341
1775
1462
569
426
-543
-705
1042
428
700
1889
1410
616
223
262
-999
-984
-87
711
1322
693
1050
363
342
-156
-1067
110
83
1575
1773
963
1233
525
730
-435
-472
5
307
1686
1252
1098
74
235
427
-1032
-684
-422
1112
1345
744
792
-126
664
37
-911
-613
485
1742
811
774
725
438
153
-730
-536
-273
647
693
103
376
-3
-376
-961
-903
-501
-477
-26
121
429
237
-505
-700
-739
-548
-456
-288
222
558
623
22
-711
-567
-421
-618
-446
-55
307
481
263
-356
-787
-671
-580
-608
-376
60
270
343
54
-734
-843
-671
-566
-379
-417
-18
263
35
-533
-1056
-890
-757
-854
-766
-519
-265
-132
-586
-1156
-1040
-1059
-1174
-1068
-663
-292
-531
-545
-708
-966
-929
-1143
-1163
-697
-241
-542
-714
-441
-533
-812
-1235
-1183
-885
-602
-556
-1049
-777
-621
-1037
-1279
-1508
-1141
-847
-826
-1006
-1080
-738
-957
-1197
-1294
-1261
-1045
-961
-836
-1045
-933
-859
-1248
-1229
-1358
-1278
-1150
-1051
-860
-1194
-1181
-1157
-1311
-1343
-1426
-1279
-1228
-1062
-1028
-1219
-1141
-1171
-1263
-1423
-1420
-1290
-1249
-990
-1022
-1112
-1138
-1256
-1178
-1237
-1308
-1231
-1052
-859
-980
-1104
-1123
-1132
-1089
-1248
-1391
-1223
-931
-919
-1123
-1182
-1133
-1070
-1142
-1254
-1192
-1025
-873
-942
-1095
-1022
-921
-986
-1153
-1212
-1124
-1091
-1066
-1073
-1190
-1194
-1224
-1417
-1463
-1406
-1354
-1295
-1262
-1281
-1359
-1381
-1407
-1420
-1391
-1407
-1340
-1211
-1138
-1184
-1251
-1314
-1435
-1390
-1403
-1444
-1289
-1208
-1180
-1284
-1403
-1427
-1453
-1355
-1375
-1401
-1276
-1216
-1214
-1368
-1463
-1439
