609
583
582
586
559
557
549
542
515
489
494
481
483
462
471
453
432
436
428
445
450
482
465
459
484
495
500
486
539
583
572
584
650
688
632
654
715
692
637
694
757
725
752
793
848
820
784
834
849
767
731
777
679
521
404
520
1240
2276
1809
-404
-211
2660
1788
-2952
-4815
-2137
2830
4570
1177
247
2645
5735
4570
-4611
-7650
-36
4365
1232
-845
1387
3669
6016
1419
-7021
-5173
354
1232
-671
-651
2311
4471
4290
52
-3727
-2562
-93
880
561
837
2028
3284
3930
454
-3265
-1548
189
842
1540
454
441
3017
3592
-1155
-3061
-239
505
1270
1819
652
596
2763
2678
-1428
-2000
245
847
1655
2267
982
21
2505
2482
-1668
-2139
-21
1129
1717
1372
-245
-273
2371
1099
-2705
-2302
224
1480
987
223
-244
652
1862
-142
-2094
-825
975
1292
1098
681
154
758
801
-885
-1294
-379
-211
542
1460
308
-948
-93
273
-1033
-1149
-707
-547
1072
1887
-9
-1201
369
938
-800
-1224
-531
137
1300
1222
-639
-1233
402
389
-1431
-1614
-659
238
619
17
-960
-944
6
-305
-1276
-1288
-521
403
423
-278
-689
-533
-352
-531
-721
-889
-620
308
326
-568
-935
-839
-804
-885
-801
-1125
-1040
56
137
-735
-1272
-983
-605
-735
-830
-1062
-588
301
309
-481
-1147
-623
-152
-479
-900
-831
-107
233
21
-595
-1108
-652
-225
-544
-1004
-673
125
94
-230
-562
-858
-564
-134
-284
-784
-373
317
136
-216
-507
-687
-549
-228
-303
-740
-402
96
-63
-416
-735
-828
-649
-377
-432
-686
-391
-33
-24
-368
-801
-798
-491
-215
-402
-468
-142
109
214
-229
-704
-546
-21
44
-360
-240
157
257
126
-279
-636
-397
135
-21
-339
58
419
283
72
-91
-305
-149
207
103
4
339
489
317
235
129
-101
-29
266
311
252
354
455
473
421
162
45
332
605
627
588
631
724
769
578
289
398
761
853
821
912
911
871
867
707
503
696
1008
1043
1091
1181
1093
985
998
899
722
874
1142
1219
1226
1199
1079
989
982
865
783
943
1177
1290
1260
1181
1124
1052
986
956
1011
1125
1264
1418
1392
1236
1124
1086
1045
1064
1180
1250
1396
1577
1510
1267
1179
1244
1240
1241
1336
1485
1639
1695
1561
1332
1296
1372
1331
1277
1409
1605
1671
1584
1428
1327
1278
1286
1317
1381
1522
1642
1652
1549
1428
1361
1288
1284
1415
1534
1562
1623
1657
1533
1366
1306
1344
1464
1615
1735
1765
1833
1870
1714
1537
