166
160
148
164
166
151
140
152
154
150
150
146
172
152
167
179
174
182
186
208
224
230
235
293
302
327
329
313
353
357
390
400
410
451
441
436
438
463
436
450
478
551
568
510
587
591
573
578
610
693
723
754
887
961
850
833
791
753
639
427
698
1564
2595
2161
208
-738
-145
-94
-408
-190
1239
3455
2507
1000
-101
-406
2170
1435
662
667
1657
4330
1058
-168
186
-137
2134
856
170
403
1816
3355
375
-777
233
963
2122
1636
682
2159
2805
2180
1201
-388
1116
1873
2098
2078
990
2835
2267
1303
1305
229
830
1265
2150
2014
1577
2161
1628
1172
1155
870
213
1522
3012
2328
1506
1272
1990
2010
1288
539
589
2718
3384
1860
1144
1779
2493
1942
583
410
2049
3238
2399
1349
1760
2119
1900
1362
885
1593
2681
2887
2036
2157
2551
1807
1739
1777
1871
1911
2104
2708
2322
2050
1502
1017
1529
1717
1509
1167
1793
2508
1995
1177
873
1458
1863
1759
1458
1601
2406
2442
1977
1459
1350
1908
2034
1875
1712
1946
2357
2146
1890
1489
1353
1950
2250
1973
1677
2022
2471
2268
1878
1618
1869
2355
2396
2091
2018
2437
2521
2111
1876
1954
2180
2222
2189
2168
2074
2037
1891
1878
1962
1816
1760
1930
2197
2108
1726
1646
1872
2190
1937
1514
1781
2276
2293
1763
1539
1756
2093
2139
1638
1594
2033
2223
1868
1530
1734
1920
2064
1954
1794
1995
2172
2128
1896
1903
1973
2061
2220
2213
2255
2227
2253
2221
2129
2126
2005
2176
2353
2338
2223
2101
2151
2095
2057
1879
1765
1970
2169
2130
1887
1886
1895
1851
1815
1559
1603
1880
2023
1829
1619
1701
1762
1800
1690
1536
1723
2010
1974
1718
1662
1713
1759
1705
1545
1609
1842
1987
1855
1670
1636
1652
1663
1676
1682
1778
1878
1831
1770
1647
1527
1514
1544
1620
1628
1606
1642
1656
1565
1377
1245
1223
1386
1511
1490
1500
1565
1585
1412
1275
1244
1314
1550
1583
1498
1511
1589
1580
1411
1296
1329
1509
1666
1651
1584
1594
1614
1494
1357
1310
1404
1585
1586
1523
1459
1401
1359
1215
1139
1150
1228
1325
1336
1333
1302
1230
1127
1061
1104
1185
1276
1416
1518
1473
1352
1242
1180
1237
1260
1255
1364
1510
1565
1446
1308
1254
1243
1241
1210
1268
1471
1594
1527
1412
1310
1264
1272
1259
1295
1414
1511
1488
1416
1306
1174
1099
1091
1107
1144
1255
1307
1278
1216
1064
956
898
959
1067
1136
1198
1185
1096
945
819
730
732
825
909
972
1000
990
925
803
697
